Mejor longitud: 138
Longitud tour: 0
Longitud salida: 0
Cantidad arcos: 178
Costo recoleccion: 169
Costo recorrer: 14772
Costo pesos pasada: 14603
Mejor costo: 14946.7
Nodo inicio: 723
Nodo fin: 929
Tiempo de resolucion: 60003740 microsegundos
La solución es:
723
973
971
800
912
973
723
724
912
800
719
365
547
548
366
720
719
800
912
724
754
228
145
144
770
1076
964
413
48
47
964
1076
770
1070
770
144
145
159
160
467
305
244
276
497
498
772
587
365
547
772
498
64
63
306
682
570
236
306
305
617
311
240
239
963
724
723
1075
754
228
229
617
160
467
468
235
236
306
63
64
245
244
574
311
227
1093
226
654
963
724
754
654
229
159
838
144
145
228
229
654
226
227
239
240
587
365
366
720
719
365
587
240
739
574
244
245
497
276
739
240
587
912
973
723
1075
828
829
47
964
413
145
413
48
228
48
47
829
929
828
929
