499
788
300
289
339
958
535
416
841
1025
1026
871
264
628
1028
939
534
341
1022
1018
340
341
1022
1018
947
740
1030
1029
1027
627
790
80
289
290
301
807
954
315
763
172
173
716
60
35
728
500
280
591
150
741
742
59
728
1029
1027
500
150
741
807
763
231
230
315
763
172
742
716
60
35
1031
740
340
341
861
456
221
534
939
340
1018
1021
212
405
232
213
212
1021
1019
405
232
213
861
341
1022
1018
947
36
713
652
732
986
732
652
713
248
304
299
247
248
304
616
1065
1079
1080
947
740
340
341
861
456
221
220
399
750
871
750
399
264
265
1028
939
534
221
220
265
534
939
340
1018
947
740
1030
1029
1027
627
280
80
289
290
301
807
763
231
391
582
732
652
247
248
304
616
1065
1079
579
36
713
652
732
986
549
458
493
638
986
549
458
493
638
986
732
652
713
36
35
1031
1030
1029
728
59
742
172
763
231
391
582
175
174
391
582
732
652
713
36
35
728
500
280
591
290
301
499
788
300
289
290
301
807
763
231
391
582
732
652
247
248
304
616
1065
1079
579
304
299
247
652
713
36
35
1031
740
340
341
1022
212
213
861
341
1022
1018
947
740
1030
1029
728
59
60
59
150
591
290
301
807
763
231
173
