499
581
1046
554
141
1044
320
188
187
324
323
798
797
347
223
798
876
952
791
856
89
77
78
89
856
791
792
187
324
187
188
320
1044
1045
618
1045
1046
554
1046
1045
618
314
479
480
538
485
388
493
388
387
62
61
855
681
641
412
61
855
176
206
207
177
176
680
747
640
641
681
855
707
177
176
177
207
479
480
230
315
230
231
391
174
538
485
707
177
207
223
798
876
78
89
77
955
797
347
206
128
127
727
920
727
127
128
680
747
680
681
855
707
62
707
485
175
582
175
485
388
493
638
986
549
458
493
638
175
174
230
315
954
618
324
187
324
323
952
791
792
187
188
320
1044
1045
618
314
315
230
315
954
499
581
554
141
30
320
