Mejor longitud: 171
Longitud tour: 0
Longitud salida: 0
Cantidad arcos: 182
Costo recoleccion: 125
Costo recorrer: 19365
Costo pesos pasada: 19240
Mejor costo: 19535.2
Nodo inicio: 16
Nodo fin: 868
Tiempo de resolucion: 60012866 microsegundos
La solución es:
16
17
6
9
22
688
583
650
687
19
18
20
21
985
830
969
650
583
565
203
17
9
6
17
16
932
943
789
425
359
113
11
16
932
113
11
4
8
12
5
14
15
358
653
536
537
953
647
537
536
107
106
96
97
241
649
686
649
241
97
96
106
490
489
705
704
279
281
120
833
98
695
821
359
113
695
98
99
389
390
683
489
490
106
107
745
868
483
1092
483
647
953
3
15
14
5
4
11
16
11
4
695
98
99
389
390
704
279
281
389
281
120
99
98
695
113
932
203
688
687
830
985
21
18
19
22
9
17
6
7
16
11
4
695
98
99
389
390
683
180
358
718
489
705
704
390
683
180
358
718
490
106
107
745
537
647
953
3
653
3
15
358
718
490
106
107
745
868
483
1092
484
868
