Mejor longitud: 136
Longitud tour: 0
Longitud salida: 0
Cantidad arcos: 166
Costo recoleccion: 143
Costo recorrer: 14293
Costo pesos pasada: 14150
Mejor costo: 14469.6
Nodo inicio: 369
Nodo fin: 402
Tiempo de resolucion: 60050948 microsegundos
La solución es:
369
837
614
613
542
672
778
283
613
614
837
283
282
369
125
249
822
1095
1094
165
778
672
521
520
626
625
155
156
521
520
156
155
625
402
401
783
401
524
383
382
517
804
1
0
782
407
941
1074
406
720
366
596
407
406
800
971
1074
406
407
782
748
749
697
749
596
597
596
749
511
224
225
672
778
626
669
164
378
957
378
383
382
383
524
164
165
249
165
778
626
625
402
401
783
782
748
510
155
224
511
510
783
1
804
382
383
524
164
165
249
282
283
778
672
542
543
746
508
225
224
511
749
697
361
511
749
748
782
0
1
804
517
957
1094
165
164
669
402
