Mejor longitud: 101
Longitud tour: 0
Longitud salida: 0
Cantidad arcos: 112
Costo recoleccion: 57
Costo recorrer: 14290
Costo pesos pasada: 14233
Mejor costo: 14392.1
Nodo inicio: 330
Nodo fin: 981
Tiempo de resolucion: 30019231 microsegundos
La solución es:
330
45
46
578
577
45
330
45
46
381
793
342
343
342
54
392
668
392
66
506
507
691
1037
980
910
981
911
1082
1081
835
817
816
930
1063
1083
1087
1084
786
1036
1066
507
506
66
392
54
53
793
395
877
328
525
802
343
877
395
793
53
186
185
46
578
586
760
820
609
610
580
610
444
589
609
610
580
162
622
820
760
586
525
328
327
578
577
45
46
381
186
381
327
578
586
525
802
1038
1041
816
817
1040
1039
980
1037
981
