369
125
126
92
193
1095
822
194
125
126
125
194
193
1095
822
194
125
369
837
614
758
572
257
461
179
163
179
598
33
163
994
993
34
33
598
974
975
1047
974
598
179
83
84
163
179
83
129
130
129
400
257
572
571
126
92
93
882
55
56
779
471
56
55
984
200
984
814
869
472
834
875
689
690
400
129
83
179
461
884
211
531
746
531
256
758
572
257
400
129
130
988
989
970
575
576
670
671
670
576
575
970
959
918
319
318
608
419
70
69
200
984
814
738
689
690
988
994
993
992
991
975
1047
897
884
461
211
531
256
257
572
571
93
882
779
471
472
869
808
809
834
875
809
808
738
689
690
988
989
970
575
576
670
755
189
755
997
990
575
970
989
988
994
993
992
34
33
163
84
130
129
130
988
989
970
575
990
989
318
319
918
959
970
989
970
575
576
670
755
189
307
995
996
997
