Mejor longitud: 113
Longitud tour: 0
Longitud salida: 0
Cantidad arcos: 128
Costo recoleccion: 105
Costo recorrer: 12436
Costo pesos pasada: 12331
Mejor costo: 12575
Nodo inicio: 693
Nodo fin: 477
Tiempo de resolucion: 60026149 microsegundos
La solución es:
693
122
892
1034
764
1034
1035
661
397
847
768
769
532
533
102
103
599
860
252
294
632
633
135
633
519
478
795
771
636
518
795
478
519
518
795
478
477
293
477
632
134
827
505
860
252
103
102
815
852
769
832
852
815
885
398
397
661
398
832
847
768
375
813
124
813
825
123
124
532
769
768
847
374
375
849
375
768
847
374
637
121
122
693
122
892
637
374
375
768
769
532
674
505
827
294
293
874
873
885
815
102
533
599
860
252
103
102
815
293
874
972
771
972
477
