Mejor longitud: 165
Longitud tour: 0
Longitud salida: 0
Cantidad arcos: 167
Costo recoleccion: 143
Costo recorrer: 16337
Costo pesos pasada: 16194
Mejor costo: 16523.3
Nodo inicio: 499
Nodo fin: 499
Tiempo de resolucion: 30034098 microsegundos
La solución es:
499
581
1046
554
141
1044
320
30
320
188
187
324
323
798
876
78
89
856
791
952
323
798
876
952
791
792
187
188
320
1044
1045
618
1045
1046
554
141
1044
320
188
187
792
791
856
89
77
78
89
78
876
798
797
955
77
89
856
791
792
187
188
320
1044
1045
618
314
479
480
538
485
388
493
388
387
62
707
485
175
582
175
485
707
62
61
855
707
177
207
223
798
797
347
206
176
855
681
641
412
61
855
176
206
207
223
207
479
480
230
315
230
480
479
314
315
954
618
324
187
792
791
952
876
798
223
347
206
128
127
727
920
727
127
128
680
747
640
641
681
680
176
177
707
62
387
388
493
638
986
549
458
493
388
493
638
175
174
230
231
391
174
538
485
175
174
230
315
954
499
