686
482
481
663
110
745
107
106
96
110
178
484
868
745
107
106
96
97
241
649
686
482
658
663
97
222
279
787
246
551
777
776
334
234
513
338
337
120
833
462
269
268
429
516
359
425
515
516
359
821
429
268
269
513
234
334
776
777
242
241
97
663
658
178
484
868
745
107
106
490
489
705
222
246
551
935
333
233
234
334
776
935
551
241
649
481
663
97
222
279
281
288
337
288
281
279
704
390
389
99
98
833
462
338
233
288
337
338
233
333
787
279
704
279
787
333
334
333
787
279
704
705
704
279
281
120
99
98
695
