Mejor longitud: 210
Longitud tour: 0
Longitud salida: 0
Cantidad arcos: 171
Costo recoleccion: 94
Costo recorrer: 22926
Costo pesos pasada: 22832
Mejor costo: 23111.2
Nodo inicio: 304
Nodo fin: 1017
Tiempo de resolucion: 30010953 microsegundos
La solución es:
304
616
1065
1091
1080
947
740
340
341
1022
212
405
1019
1020
329
330
232
405
329
731
185
330
329
731
148
149
53
149
668
65
66
392
54
53
149
1017
1014
1001
1002
1005
1004
1003
373
372
736
394
373
1012
1013
872
1091
1080
1079
579
304
616
267
662
872
606
607
1015
1016
148
186
185
731
607
1015
1014
1001
1002
881
65
66
392
668
1000
1002
1005
1004
1008
1011
900
1067
956
702
805
74
253
987
73
926
956
1067
900
1067
956
702
605
710
1036
1066
507
506
66
65
668
1000
1002
1005
1004
1008
1011
1010
1009
1006
1003
1007
1012
1013
372
736
394
1006
1008
926
956
702
74
253
74
702
605
773
709
1067
900
1067
956
702
74
73
1004
1003
1004
1008
1011
1010
1009
393
735
266
615
616
1065
1079
579
304
616
267
736
735
266
267
736
394
1006
1008
926
956
702
805
806
253
987
73
1004
1003
373
372
662
1065
1079
579
304
616
267
736
735
284
411
393
394
373
372
736
394
1006
1003
1007
1001
1000
668
392
54
53
186
148
1016
1017
