468
235
645
296
295
553
644
468
467
643
644
553
295
796
965
570
965
235
645
235
468
467
160
865
838
960
896
1070
896
144
838
960
557
558
552
553
645
235
965
665
434
696
920
1042
955
77
89
856
791
792
791
856
89
208
147
428
317
316
368
588
146
147
250
706
856
791
792
377
409
408
250
147
146
858
1042
920
336
660
696
920
336
335
904
863
655
1043
982
983
982
1043
655
863
859
335
904
977
1071
977
433
434
665
664
685
684
978
552
558
643
865
557
960
896
960
557
558
552
553
295
796
664
433
660
336
335
858
146
317
428
313
428
408
250
706
208
858
335
859
656
903
656
655
863
904
660
433
664
796
684
685
1071
977
904
335
858
1042
955
77
89
856
791
792
377
706
