Mejor longitud: 91
Longitud tour: 0
Longitud salida: 0
Cantidad arcos: 122
Costo recoleccion: 100
Costo recorrer: 12053
Costo pesos pasada: 11953
Mejor costo: 12156.2
Nodo inicio: 640
Nodo fin: 772
Tiempo de resolucion: 60025750 microsegundos
La solución es:
640
747
879
712
26
128
127
727
726
696
434
427
426
639
594
595
914
595
711
487
25
726
427
434
665
426
682
184
823
64
63
184
682
570
682
426
639
594
502
803
528
818
528
803
540
539
597
548
547
772
498
64
63
64
823
639
487
711
712
879
880
640
747
26
25
127
727
726
427
487
639
594
502
501
823
64
498
501
527
528
818
819
539
597
539
819
548
547
818
528
527
772
