949
915
937
836
851
831
905
678
131
132
883
678
131
117
966
851
836
339
79
886
416
415
367
949
958
339
836
300
301
499
581
554
90
492
491
30
29
188
29
377
409
408
237
408
409
621
1078
432
692
29
188
29
692
491
775
116
132
116
432
1078
621
409
432
116
117
131
678
905
966
698
91
581
554
90
91
698
788
300
289
80
790
886
79
535
367
949
958
339
289
300
301
499
788
851
831
937
958
535
416
841
1024
109
108
714
843
415
367
949
958
535
416
841
1025
762
871
264
628
627
790
80
79
339
289
339
836
851
966
117
90
492
775
116
132
883
737
1078
