949
958
535
367
309
701
686
649
241
242
309
649
241
242
777
776
334
234
513
269
39
678
883
737
268
429
516
515
312
854
368
854
355
354
903
946
1043
982
1068
978
1068
1069
893
946
903
354
523
673
651
650
969
961
651
522
870
565
583
650
969
961
1069
673
523
354
355
854
312
317
312
515
870
565
583
522
523
354
355
854
312
313
237
238
621
1078
737
883
678
39
269
268
737
883
678
39
40
831
937
958
949
915
679
776
777
915
679
40
39
678
883
737
1078
621
238
237
313
312
854
355
870
515
516
429
268
737
883
678
905
831
937
958
535
367
949
242
309
242
949
915
679
40
334
234
513
269
268
737
1078
621
238
516
429
268
737
883
678
905
831
937
958
535
416
415
701
