Mejor longitud: 165
Longitud tour: 0
Longitud salida: 0
Cantidad arcos: 170
Costo recoleccion: 143
Costo recorrer: 18551
Costo pesos pasada: 18408
Mejor costo: 18746.1
Nodo inicio: 152
Nodo fin: 998
Tiempo de resolucion: 60060301 microsegundos
La solución es:
152
642
512
504
152
945
729
880
640
785
412
100
101
488
927
435
154
153
49
50
927
928
561
286
469
470
376
121
122
693
999
998
469
286
561
928
927
50
49
61
62
153
49
61
412
785
730
785
640
880
729
730
504
512
101
50
154
153
49
100
504
152
151
753
752
914
944
945
152
151
436
170
171
71
72
488
913
560
561
928
913
744
143
703
453
592
848
454
906
744
72
142
143
454
848
592
453
703
810
51
52
545
453
454
143
142
171
360
733
436
151
944
914
752
753
733
360
171
170
642
512
71
171
360
503
810
703
52
545
897
1047
975
1047
897
592
453
703
810
503
142
72
744
906
848
592
848
906
560
913
488
927
928
913
744
906
848
592
897
1047
975
991
975
1047
975
991
998
