Mejor longitud: 197
Longitud tour: 0
Longitud salida: 0
Cantidad arcos: 182
Costo recoleccion: 144
Costo recorrer: 15373
Costo pesos pasada: 15229
Mejor costo: 15581.9
Nodo inicio: 124
Nodo fin: 675
Tiempo de resolucion: 60071674 microsegundos
La solución es:
124
532
674
767
124
532
674
826
31
840
878
584
260
437
774
350
351
298
297
962
976
600
219
827
134
135
600
976
968
218
273
448
541
414
725
921
322
414
541
272
505
827
134
135
600
219
218
273
272
950
725
414
322
321
585
584
260
437
1088
708
709
1067
900
332
331
853
285
104
105
878
840
32
826
31
840
878
105
486
331
332
708
709
1067
956
1067
709
773
774
717
962
297
351
710
1036
1066
806
805
702
956
773
605
702
805
710
1036
710
605
350
351
298
786
298
351
350
774
437
438
717
962
976
968
448
541
414
322
321
585
931
321
322
261
438
437
260
584
486
105
104
191
767
124
767
191
104
105
486
584
585
321
322
414
725
950
32
31
455
191
767
191
104
105
486
331
332
708
1088
675
260
261
541
272
950
725
921
931
921
322
321
585
584
878
840
31
826
674
505
827
505
674
826
31
840
878
105
486
331
332
675
