Mejor longitud: 185
Longitud tour: 0
Longitud salida: 0
Cantidad arcos: 158
Costo recoleccion: 134
Costo recorrer: 18358
Costo pesos pasada: 18224
Mejor costo: 18551.1
Nodo inicio: 996
Nodo fin: 459
Tiempo de resolucion: 59997612 microsegundos
La solución es:
996
189
755
189
307
169
700
699
895
168
169
563
564
873
874
972
771
722
562
811
197
196
839
460
562
722
721
972
874
873
564
563
308
190
386
766
559
274
1032
1033
275
602
889
559
766
386
756
755
189
190
274
275
602
420
421
936
459
460
459
936
721
1057
1033
275
602
420
421
936
459
460
562
811
812
1064
636
771
972
874
1033
1057
421
420
262
890
889
559
766
386
190
308
307
995
996
189
307
169
700
699
757
555
556
764
999
612
556
555
611
635
757
555
657
1035
564
1032
1033
1057
421
420
263
205
634
839
196
562
722
721
1057
1033
1032
564
1035
1034
1035
657
700
169
307
995
996
189
307
169
700
699
895
271
270
995
996
189
190
274
275
602
420
263
262
420
602
889
559
274
1032
564
1035
1034
764
999
612
611
635
271
270
168
169
563
564
1032
1033
1057
421
420
263
205
634
459
