Mejor longitud: 183
Longitud tour: 0
Longitud salida: 0
Cantidad arcos: 142
Costo recoleccion: 93
Costo recorrer: 20657
Costo pesos pasada: 20564
Mejor costo: 20836.7
Nodo inicio: 387
Nodo fin: 850
Tiempo de resolucion: 60013488 microsegundos
La solución es:
387
326
153
62
387
326
344
345
630
784
379
780
781
380
759
1010
1011
900
601
853
285
474
215
767
191
215
474
601
853
601
474
215
214
569
781
380
379
287
286
561
259
287
891
780
781
380
410
495
450
75
76
284
495
630
784
379
287
286
469
470
849
375
374
637
121
637
374
375
813
825
123
850
849
375
813
124
767
215
214
569
781
380
410
495
450
75
76
266
76
75
450
345
435
258
259
784
410
411
759
380
379
380
410
495
450
75
76
266
615
299
549
458
326
153
154
344
118
458
326
344
345
450
119
118
550
615
299
615
266
735
284
411
759
380
410
495
450
75
76
266
615
299
549
550
76
75
119
75
450
345
630
258
435
154
344
345
630
258
928
561
286
469
470
376
121
637
374
375
813
124
767
215
214
569
781
1010
1011
900
601
474
215
214
568
850
