Mejor longitud: 121
Longitud tour: 0
Longitud salida: 0
Cantidad arcos: 85
Costo recoleccion: 64
Costo recorrer: 14637
Costo pesos pasada: 14573
Mejor costo: 14740.9
Nodo inicio: 750
Nodo fin: 586
Tiempo de resolucion: 60003963 microsegundos
La solución es:
750
676
750
399
220
221
534
221
456
861
456
310
734
232
213
310
734
45
330
232
734
45
577
94
95
586
578
577
45
330
45
577
94
95
161
631
192
845
924
166
167
514
919
677
399
750
676
750
399
220
221
514
167
659
95
94
457
514
221
456
457
659
631
192
162
580
162
161
95
94
95
161
631
192
845
924
68
158
464
166
919
220
399
750
399
220
221
514
167
659
631
192
845
924
68
158
464
677
676
750
399
220
221
514
167
659
631
192
845
924
68
158
157
38
464
166
167
659
95
586
760
586
