867
475
1090
984
814
738
689
690
988
989
318
319
918
352
353
959
970
887
888
82
634
205
204
922
890
889
902
888
41
254
140
139
319
318
608
648
139
319
648
743
530
88
87
439
217
449
494
216
824
898
44
181
403
898
824
216
494
404
403
898
403
404
494
449
463
254
255
866
887
85
86
85
751
766
559
889
890
922
902
86
559
766
765
576
575
751
85
887
888
887
866
255
352
140
139
648
743
530
70
69
87
88
217
449
217
439
87
69
200
43
44
181
403
216
217
88
530
743
648
319
918
959
970
575
576
670
671
756
671
765
766
751
85
887
866
255
254
463
449
494
404
1055
1056
794
28
27
417
346
385
136
452
451
619
867
546
452
451
384
948
619
867
475
1090
984
200
824
439
87
88
529
463
529
530
70
69
87
88
529
463
496
1053
1054
1056
198
948
619
451
384
385
346
417
27
28
794
442
1054
442
794
28
794
1056
1055
404
403
181
1055
1053
496
463
529
463
254
255
866
353
959
918
319
648
743
530
88
529
463
496
201
202
201
496
463
529
88
530
743
419
743
