Mejor longitud: 248
Longitud tour: 0
Longitud salida: 0
Cantidad arcos: 219
Costo recoleccion: 166
Costo recorrer: 17831
Costo pesos pasada: 17665
Mejor costo: 18080.4
Nodo inicio: 475
Nodo fin: 666
Tiempo de resolucion: 60052061 microsegundos
La solución es:
475
1090
475
476
546
867
475
476
23
24
137
291
292
418
846
441
138
111
112
440
114
1050
1048
202
42
81
82
634
205
204
922
890
889
902
922
204
205
634
839
196
325
82
888
41
42
81
82
888
41
201
1052
1051
901
620
138
441
846
418
292
291
137
136
452
451
452
546
23
476
475
1090
475
476
23
24
137
291
292
418
846
441
138
111
112
440
473
115
114
440
112
1049
183
1051
1054
442
794
28
27
417
346
292
291
292
418
846
441
138
111
112
440
473
424
277
348
58
57
209
325
422
57
58
349
916
567
1064
812
934
899
209
57
422
81
82
634
839
196
197
899
934
916
567
278
277
424
423
666
667
424
423
424
115
114
1050
1049
183
182
111
138
441
138
620
901
182
183
1051
901
620
842
443
629
509
846
418
292
346
385
136
137
24
452
451
452
24
137
291
346
385
346
292
418
846
441
138
111
112
440
114
1050
1048
202
201
496
1053
1052
1048
951
666
423
348
349
278
277
424
473
440
112
111
138
620
842
443
629
28
27
509
846
441
842
620
138
441
846
418
417
418
846
441
842
443
442
1054
1053
1054
442
1054
1053
1052
1048
202
666
